%YAML:1.0
---
CameraMatrix: !!opencv-matrix
   rows: 3
   cols: 3
   dt: d
   data: [ 3.9970838855146326e+02, 0., 2.9004139656653626e+02, 0.,
       5.3345639118661745e+02, 2.3617919478983598e+02, 0., 0., 1. ]
DistCoeffs: !!opencv-matrix
   rows: 1
   cols: 5
   dt: d
   data: [ -3.5131384027890777e-01, 1.7489423715461039e-01,
       1.1844408366703341e-03, 4.1482419690575673e-04,
       -5.9712617982741967e-02 ]
